camera_matrix:
- - 370.10370507021366
  - 0.0
  - 326.9652223073442
- - 0.0
  - 370.05002875817956
  - 234.7009196406391
- - 0.0
  - 0.0
  - 1.0
dist_coeff:
- - -0.35541159609317813
  - 0.1565197255305921
  - 0.0005991819630985719
  - 0.000763082270090779
  - -0.03699138778576443
